782
787
791
793
794
799
800
803
807
808
812
814
822
826
829
831
833
850
854
860
874
898
944
960
967
989
996
1014
1016
1018
1025
1037
1041
1060
1071
1073
1074
1075
1077
1078
1094
1101
1110
1564
1588
1591
1613
1641
1647
1650
1662
1666
1676
1708
1711
1715
1719
1736
1753
1757
1771
1777
1794
1809
1821
1825
1826
1828
1839
1842
1855
1863
1868
1879
1900
1908
1917
1921
1925
1929
1930
1933
1935
1938
1948
1956
1976
1979
1980
1991
1996
2005
2015
2022
2027
2038
2055
2067
2072
2077
2079
2092
2098
2099
2100
2117
2137
2160
2210
2191
2223
2232
2235
2242
2241
2256
2263
2264
2266
2270
2274
2294
2299
2313
2328
2331
2335
2380
2365
2388
2403
2413
2422
2428
2429









































